[H[2JVoidLinuxBR Base Live ISO (\l) - \s-\r \m

              [92mWelcome to VoidBR[0m

            [?25l[0m[7m[38;2;0;0;0m [0m[38;2;0;0;0;48;2;0;0;0m                                                         [0m
            [7m[38;2;0;0;0m [0m[38;2;0;0;0;48;2;0;0;0m                                                         [0m
            [7m[38;2;0;0;0m [0m[38;2;0;0;0;48;2;0;0;0m                                                         [0m
            [7m[38;2;0;0;0m [0m[38;2;0;0;0;48;2;0;0;0m                       [48;2;4;4;4m┈[38;2;144;143;150;48;2;0;0;0m▁[38;2;183;182;191;48;2;7;7;7m▁[38;2;152;151;158;48;2;0;0;0m▂[38;2;159;159;167m▂[38;2;159;159;166m▂[38;2;144;143;150m▂[38;2;174;173;181;48;2;2;2;2m▁[38;2;96;96;100;48;2;0;0;0m▁                         [0m
            [7m[38;2;0;0;0m [0m[38;2;0;0;0;48;2;0;0;0m                 [48;2;4;4;4m┈[38;2;147;146;153;48;2;3;3;4m▂[38;2;181;180;189;48;2;17;17;18m▃[38;2;176;175;184;48;2;9;9;9m▅[38;2;180;179;188;48;2;22;22;23m▆[38;2;182;181;190;48;2;54;53;55m▇[38;2;182;182;190;48;2;169;168;176m▇[38;2;182;181;190;48;2;183;183;192m▇[48;2;182;182;191m▆[48;2;183;182;191m▇[48;2;182;182;190m [48;2;183;182;191m▄[48;2;184;183;192m▅[38;2;182;182;191;48;2;183;183;191m▄[38;2;183;182;191;48;2;183;183;192m▄[38;2;183;183;192;48;2;127;127;133m▇[38;2;175;174;183;48;2;3;3;4m▇[38;2;183;182;192;48;2;31;31;32m▅[38;2;176;176;185;48;2;10;10;11m▄[38;2;177;177;185;48;2;14;14;14m▂[38;2;83;83;87;48;2;1;1;1m▁[48;2;0;0;0m                   [0m
            [7m[38;2;0;0;0m [0m[38;2;0;0;0;48;2;0;0;0m  [48;2;0;45;13m▉[38;2;0;115;54;48;2;0;0;0m▇[38;2;105;152;39;48;2;3;98;47m▁[38;2;140;152;52;48;2;2;81;39m▄[38;2;204;185;16;48;2;33;81;65m━[38;2;147;154;43;48;2;9;93;42m▃[38;2;72;135;45;48;2;1;96;45m▁[38;2;1;103;49;48;2;0;1;0m▇[48;2;0;0;0m    [38;2;57;56;58;48;2;2;2;2m▁[38;2;92;92;97;48;2;1;1;1m▄[38;2;175;175;183;48;2;49;48;51m━[38;2;20;19;20;48;2;170;169;177m▃[38;2;1;0;0;48;2;180;180;188m▃[48;2;181;181;189m▃[38;2;18;17;18;48;2;184;183;192m▃[38;2;1;1;1;48;2;178;177;186m▂[38;2;6;6;6;48;2;176;176;184m▁[38;2;145;145;152;48;2;183;182;192m▁[38;2;183;183;192;48;2;182;181;190m▃[38;2;182;182;191m▂[38;2;183;182;191m▂▂[48;2;181;181;190m▂[48;2;182;181;190m▁[38;2;183;183;192m▂[38;2;183;182;191m▂[38;2;182;182;191m▁[38;2;182;181;190;48;2;183;182;191m▇▆▆[38;2;182;182;190;48;2;183;182;192m▅[38;2;183;183;192;48;2;180;180;189m┈[38;2;175;174;183;48;2;32;32;34m▆[38;2;154;154;162;48;2;7;7;7m▄[38;2;94;94;98;48;2;5;5;5m▁[48;2;0;0;0m                [0m
            [7m[38;2;0;0;0m [0m[38;2;0;0;0;48;2;0;0;0m  [48;2;0;52;15m▉[38;2;14;120;51;48;2;76;140;41m▉[38;2;32;124;48;48;2;227;195;11m▃[38;2;21;72;113;48;2;132;139;63m┗[38;2;228;188;26;48;2;48;89;111m▁[38;2;76;106;110;48;2;176;170;47m┛[38;2;20;125;51;48;2;209;188;14m▃[38;2;0;116;55;48;2;14;109;47m┊[48;2;0;0;0m  [38;2;3;82;32;48;2;0;4;1m▁[38;2;3;115;47;48;2;0;5;2m▃[38;2;2;115;48;48;2;4;5;4m▅[38;2;2;123;51;48;2;0;9;2m▆[38;2;2;122;51;48;2;1;6;1m▇[38;2;2;124;52;48;2;3;69;25m▇[38;2;2;125;51;48;2;3;99;41m▇[38;2;2;124;51;48;2;4;93;39m▇[48;2;2;42;12m▇[38;2;2;119;49;48;2;1;0;0m▇[38;2;2;118;49;48;2;0;0;0m▆[38;2;2;124;53;48;2;6;19;11m▄[38;2;11;52;28;48;2;172;171;180m▇[38;2;0;4;1;48;2;158;158;166m▅[38;2;11;11;11;48;2;182;182;191m▆[38;2;2;2;2;48;2;179;179;188m▆[38;2;4;4;4;48;2;180;179;189m▆[38;2;0;0;0;48;2;152;152;160m▅[38;2;2;3;3;48;2;177;177;186m▅[38;2;3;3;4;48;2;174;174;183m▄[38;2;10;10;11;48;2;178;177;186m▃[38;2;46;46;48;48;2;182;181;190m▂[38;2;183;183;192;48;2;179;178;188m╴[38;2;183;182;191;48;2;182;181;190m▁  [38;2;182;181;190;48;2;182;182;191m▇[38;2;182;182;191;48;2;184;183;192m▅[38;2;186;185;194;48;2;180;179;188m┊[38;2;168;168;176;48;2;30;30;31m▅[38;2;97;97;101;48;2;4;4;4m▖[48;2;0;0;0m              [0m
            [7m[38;2;0;0;0m [0m[38;2;0;0;0;48;2;0;0;0m  [48;2;1;29;10m▉[48;2;2;114;54m▄[48;2;2;110;52m▄[38;2;1;0;0;48;2;7;60;27m┈[38;2;1;34;16;48;2;183;178;21m▆[38;2;1;1;0;48;2;4;60;27m┈[38;2;0;0;0;48;2;2;112;53m▄[38;2;1;15;6;48;2;2;101;49m▄[38;2;3;105;43;48;2;0;5;2m▄[38;2;3;123;52;48;2;1;34;13m▆[38;2;2;128;53;48;2;2;127;53m┈[38;2;2;127;53;48;2;3;128;53m▇[48;2;2;126;53m▊ [38;2;2;126;53;48;2;2;126;52m╾[38;2;1;125;52m▂▄[38;2;1;82;34;48;2;1;125;52m▁[38;2;0;26;10;48;2;1;123;51m▃[38;2;83;83;87;48;2;2;64;27m▁[38;2;169;169;179;48;2;14;53;30m▂[38;2;118;118;124;48;2;7;22;13m▄[38;2;177;177;187;48;2;22;22;23m━[38;2;145;145;153;48;2;30;30;31m━[38;2;1;1;1;48;2;118;118;124m▄[38;2;0;0;0;48;2;119;119;124m▄[48;2;118;118;123m▄[38;2;1;1;1;48;2;119;119;125m▄[38;2;150;151;159;48;2;29;29;31m━[38;2;175;175;185;48;2;24;24;25m━[38;2;122;123;129;48;2;4;4;4m▄[38;2;163;164;174;48;2;9;9;10m▂[38;2;8;8;9;48;2;64;64;67m▇[38;2;16;16;16;48;2;170;170;180m▆[38;2;20;20;21;48;2;169;168;177m▃[38;2;117;117;123;48;2;181;180;189m▁[38;2;183;183;192;48;2;182;181;190m▂[38;2;183;182;191m▄[48;2;183;182;191m [38;2;184;183;192m▝[38;2;185;185;194;48;2;181;180;189m┊[38;2;163;163;171;48;2;38;38;40m▄[38;2;0;0;0;48;2;7;6;7m┈[48;2;0;0;0m            [0m
            [7m[38;2;0;0;0m [0m[38;2;0;0;0;48;2;0;0;0m       [48;2;0;6;2m┈[38;2;3;112;47;48;2;1;18;7m▄[38;2;3;126;53;48;2;2;82;32m▇[38;2;1;126;53;48;2;2;127;53m▁[38;2;2;126;53m▇[38;2;1;126;52;48;2;2;126;52m▁▂▁▆[38;2;1;125;52m▄[38;2;1;40;17;48;2;1;119;49m▂[38;2;1;9;2;48;2;6;52;25m┈[38;2;138;137;145;48;2;15;22;18m▃[38;2;150;149;158;48;2;43;43;45m━[38;2;4;4;4;48;2;142;142;150m▅[38;2;1;1;1;48;2;81;81;85m▇[48;2;0;0;0m          [38;2;2;2;2;48;2;101;101;107m▇[38;2;7;7;7;48;2;140;141;149m▅[38;2;153;153;163;48;2;39;39;41m━[38;2;126;127;134;48;2;7;7;7m▃[38;2;3;3;4;48;2;63;64;67m▇[38;2;16;16;16;48;2;151;151;159m▄[38;2;111;111;117;48;2;178;177;186m▁[38;2;183;182;191;48;2;182;181;190m▄[38;2;182;182;191m▝[38;2;182;181;190;48;2;183;182;192m▇[38;2;183;182;191;48;2;184;183;193m▄[38;2;57;57;60;48;2;179;179;188m▝[38;2;80;80;84;48;2;13;13;13m▁[48;2;0;0;0m           [0m
            [7m[38;2;0;0;0m [0m[38;2;0;0;0;48;2;0;0;0m      [38;2;2;99;41;48;2;0;6;2m▗[38;2;2;65;26;48;2;2;126;54m▘[38;2;2;128;55;48;2;2;123;53m┊[38;2;1;18;7;48;2;1;125;54m▂[38;2;1;6;2;48;2;1;125;53m▃[38;2;0;0;0;48;2;2;117;50m▃[48;2;1;117;49m▃[48;2;1;123;51m▃[38;2;1;19;7;48;2;1;128;54m▃[38;2;1;0;0;48;2;2;121;51m▂[38;2;1;116;50;48;2;0;19;8m▘[38;2;112;112;118;48;2;7;8;8m▗[38;2;20;20;21;48;2;115;115;121m▃[38;2;4;4;5;48;2;79;79;83m▇[48;2;0;0;0m                [38;2;2;2;2;48;2;80;80;85m▆[38;2;11;11;11;48;2;104;104;110m▖[38;2;69;69;72;48;2;17;17;18m╴[38;2;7;7;7;48;2;74;74;77m▇[38;2;18;18;19;48;2;161;161;169m▖[38;2;184;183;193;48;2;183;182;191m▃[38;2;184;183;192;48;2;182;182;191m▄▂[38;2;183;182;191;48;2;183;183;192m▍[38;2;92;92;96;48;2;184;183;193m▝[38;2;78;78;82;48;2;11;11;12m▏[48;2;0;0;0m          [0m
            [7m[38;2;0;0;0m [0m[38;2;0;0;0;48;2;0;0;0m     [38;2;2;117;51;48;2;1;16;6m▗[38;2;2;41;18;48;2;2;116;51m▗[38;2;0;6;3;48;2;2;103;45m▅[38;2;0;0;0;48;2;1;36;16m▇[48;2;0;0;0m [38;2;241;198;6;48;2;47;39;4m▗[38;2;246;201;6;48;2;2;1;0m▅[38;2;246;201;7m▅▅[38;2;181;149;6;48;2;1;0;0m▅[48;2;0;0;0m   [38;2;0;0;0;48;2;4;3;0m┈[38;2;218;176;6;48;2;6;5;0m▃[38;2;251;204;8;48;2;10;8;1m▃[38;2;228;186;8m▃[38;2;0;0;0;48;2;9;7;1m┊[38;2;222;183;12;48;2;6;5;1m▁[38;2;217;178;8;48;2;0;0;0m▂[38;2;226;184;6m▂[38;2;225;183;8m▂[38;2;224;183;8m▂[38;2;212;174;8m▂[38;2;217;179;12;48;2;5;5;0m▁[38;2;0;0;0;48;2;1;1;0m┈[48;2;0;0;0m [38;2;153;126;9m▂[38;2;225;184;8m▂[38;2;225;184;9m▂[38;2;0;0;0;48;2;6;5;1m┊[38;2;100;81;7;48;2;0;0;0m▗[38;2;225;184;8m▂[38;2;224;184;9m▂[38;2;225;183;7m▂[38;2;223;182;7m▂[38;2;220;180;8;48;2;17;17;18m▂[38;2;198;163;7;48;2;31;31;33m▂[38;2;39;33;6;48;2;167;167;175m▆[38;2;16;15;15;48;2;179;179;188m▅[38;2;26;26;28;48;2;178;178;187m▃[38;2;42;42;44;48;2;163;163;172m▝[38;2;0;0;0;48;2;1;1;1m┈[48;2;0;0;0m         [0m
            [7m[38;2;0;0;0m [0m[38;2;0;0;0;48;2;0;0;0m    [38;2;3;83;37;48;2;0;3;1m▗[38;2;1;20;10;48;2;2;89;40m▄[38;2;0;0;0;48;2;0;1;0m┈[48;2;0;0;0m   [38;2;13;11;1;48;2;105;86;3m▉[38;2;143;117;4;48;2;239;196;6m▏[38;2;251;205;6;48;2;250;205;7m▖[38;2;250;204;7;48;2;250;204;6m▅[38;2;251;205;5;48;2;250;203;6m┊[38;2;205;167;8;48;2;20;17;1m▖[48;2;0;0;0m [38;2;169;138;6;48;2;8;7;1m▗[38;2;79;64;4;48;2;241;197;6m▘[38;2;251;206;7;48;2;251;205;6m▁[38;2;49;40;2;48;2;233;190;6m▗[38;2;163;133;6;48;2;16;13;1m▚[38;2;242;196;5;48;2;114;93;5m▇[38;2;251;204;5;48;2;251;203;5m▇[38;2;38;31;3;48;2;245;200;6m▗[38;2;0;0;0;48;2;228;186;7m▄[48;2;224;183;7m▄[38;2;0;0;1;48;2;216;176;8m▖[48;2;250;204;6m [38;2;251;204;5;48;2;251;204;6m▝[38;2;218;179;7;48;2;7;5;1m▋[38;2;0;0;0;48;2;10;8;1m┊[38;2;132;108;9;48;2;242;198;8m▏[38;2;251;205;6;48;2;250;204;6m▁[38;2;242;198;7;48;2;101;84;7m▊[38;2;0;0;0;48;2;2;2;0m┈[38;2;73;61;5;48;2;239;195;6m▍[38;2;251;204;6;48;2;250;204;6m▗[38;2;240;196;7;48;2;123;100;5m▉[38;2;0;0;0;48;2;225;183;7m▄[48;2;226;184;6m▄[38;2;12;9;1;48;2;240;195;6m▄[38;2;250;205;9;48;2;249;203;7m╴[38;2;250;204;6;48;2;251;204;5m▅[38;2;233;190;9;48;2;65;53;6m▊[38;2;1;0;1;48;2;0;0;0m▏[38;2;3;3;3;48;2;72;72;76m▇[38;2;0;0;0;48;2;9;9;10m┈[48;2;0;0;0m   [48;2;0;5;2m┈[38;2;1;43;16;48;2;0;0;0m▏    [0m
            [7m[38;2;0;0;0m [0m[38;2;0;0;0;48;2;0;0;0m    [38;2;6;89;41;48;2;1;15;6m╹[48;2;0;0;0m      [38;2;206;169;6;48;2;17;14;1m▝[38;2;251;206;4;48;2;247;202;6m╴[38;2;250;205;6;48;2;250;205;7m▎[38;2;250;205;8;48;2;251;205;7m▃[38;2;124;101;7;48;2;248;203;7m▝[38;2;224;183;6;48;2;52;42;3m▄[38;2;251;205;6;48;2;247;201;6m┈[38;2;160;131;6;48;2;244;200;6m▁[38;2;241;198;7;48;2;49;40;2m▘[38;2;0;0;0;48;2;1;1;0m┈[38;2;62;52;6;48;2;231;189;8m▎[38;2;251;204;6;48;2;250;203;6m▁[48;2;248;202;7m┊[38;2;138;112;7;48;2;7;5;1m▎[48;2;0;0;0m  [38;2;42;35;3;48;2;228;187;7m▍[38;2;250;204;7;48;2;251;204;7m▇[38;2;251;204;6m┈[38;2;161;133;9;48;2;5;4;1m▍[38;2;34;28;3;48;2;225;185;8m▋[38;2;251;204;4;48;2;250;204;6m▘[38;2;251;205;7;48;2;251;204;5m▃[38;2;207;171;9;48;2;23;19;2m▍[38;2;11;9;1;48;2;157;130;12m▊[38;2;250;204;6;48;2;249;203;7m┊[38;2;250;203;5;48;2;250;203;6m┈[38;2;209;170;9;48;2;21;17;2m▌[48;2;0;0;0m  [38;2;14;11;1;48;2;183;150;7m▋[38;2;250;203;5;48;2;251;204;6m▆ [38;2;217;177;8;48;2;31;25;2m▌[48;2;0;0;0m     [38;2;0;0;0;48;2;0;3;1m┈[38;2;0;6;3;48;2;3;89;38m▘[38;2;1;0;0;48;2;0;1;0m╴[48;2;0;0;0m    [0m
            [7m[38;2;0;0;0m [0m[38;2;0;0;0;48;2;0;0;0m    [48;2;0;1;0m┈[48;2;0;0;0m   [38;2;0;0;1;48;2;124;123;130m▊[38;2;181;181;191;48;2;36;36;38m▖[48;2;0;0;0m  [38;2;43;36;2;48;2;197;161;6m▌[38;2;251;206;5;48;2;250;205;7m▖[38;2;251;205;7;48;2;250;204;7m▂[38;2;251;205;6;48;2;251;205;7m▝[38;2;251;206;6;48;2;251;205;6m┈[38;2;20;16;1;48;2;213;174;6m▗[38;2;11;9;1;48;2;109;90;5m▇[48;2;0;0;0m [38;2;6;5;1;48;2;171;141;9m▉[38;2;252;205;5;48;2;248;203;5m╴[38;2;252;206;5;48;2;251;205;6m▂[38;2;243;199;7;48;2;121;99;5m▉[38;2;250;206;6;48;2;8;6;1m▃[38;2;248;204;6;48;2;4;3;0m▃[38;2;222;181;7;48;2;12;10;1m▄[38;2;251;204;5;48;2;246;201;7m┊[38;2;251;205;6;48;2;250;204;6m┈[38;2;27;22;2;48;2;207;169;7m▗[38;2;0;0;0;48;2;5;4;1m┈[38;2;135;111;7;48;2;247;202;7m▎[38;2;251;206;7;48;2;251;204;7m▃[38;2;247;202;8;48;2;135;111;8m▊[38;2;0;0;0;48;2;4;3;1m┊[38;2;54;44;4;48;2;233;190;6m▍[38;2;251;204;6;48;2;250;203;6m▂[38;2;232;190;9;48;2;250;204;6m╶[38;2;250;203;7;48;2;29;23;2m▃[48;2;8;5;0m▃[38;2;221;180;5;48;2;1;0;0m▄[38;2;106;86;8;48;2;251;204;6m▘[38;2;251;205;6m▇[38;2;89;74;4;48;2;239;196;8m▗[38;2;81;66;6;48;2;5;4;1m▏[48;2;0;0;0m    [38;2;2;96;38;48;2;0;10;4m▂[38;2;2;42;16;48;2;2;123;51m▘[38;2;2;118;51;48;2;1;20;9m▘[48;2;0;0;0m     [0m
            [7m[38;2;0;0;0m [0m[38;2;0;0;0;48;2;0;0;0m        [48;2;1;1;2m┈[38;2;84;84;88;48;2;179;179;188m▖[38;2;25;25;26;48;2;162;162;170m▝[38;2;133;133;140;48;2;9;9;9m▂[38;2;0;0;0;48;2;2;2;0m┈[38;2;36;30;3;48;2;215;178;9m▃[38;2;1;0;0;48;2;239;197;8m▂[38;2;0;0;0;48;2;237;195;8m▂[38;2;218;180;8;48;2;27;22;1m▘[48;2;0;0;0m    [38;2;4;3;0;48;2;153;127;8m▇[38;2;0;0;0;48;2;227;189;9m▆[38;2;3;2;0;48;2;248;206;12m▆[38;2;4;2;0;48;2;249;207;13m▆[38;2;5;2;0;48;2;249;206;13m▆[38;2;4;2;1;48;2;249;205;14m▆[38;2;0;0;0;48;2;227;189;12m▆[38;2;4;3;0;48;2;169;140;9m▇[48;2;0;0;0m [38;2;0;0;0;48;2;14;11;1m┈[38;2;4;2;0;48;2;249;206;15m▆[48;2;250;207;15m▆[38;2;2;1;0;48;2;150;123;9m▆[48;2;0;0;0m [38;2;3;1;0;48;2;237;196;15m▆[38;2;4;2;0;48;2;248;204;14m▆[48;2;248;204;15m▆[38;2;8;6;5;48;2;248;203;14m▆[38;2;3;2;0;48;2;248;203;13m▆[38;2;2;1;0;48;2;245;201;10m▆[38;2;0;0;0;48;2;221;184;9m▆[38;2;4;3;0;48;2;193;160;9m▇[48;2;0;0;0m  [38;2;3;76;27m▁[38;2;3;115;46;48;2;0;4;1m▂[38;2;2;114;47;48;2;0;7;3m▄[38;2;2;124;50;48;2;2;42;16m▆[38;2;1;128;54;48;2;1;128;53m▗[38;2;0;1;0;48;2;1;91;39m▗[48;2;0;0;0m      [0m
            [7m[38;2;0;0;0m [0m[38;2;0;0;0;48;2;0;0;0m         [38;2;153;153;161;48;2;11;11;12m▝[38;2;184;183;193;48;2;180;179;188m╴[48;2;183;182;191m [38;2;178;177;186;48;2;52;52;55m▇[38;2;182;181;190;48;2;22;22;23m▅[38;2;184;183;193;48;2;19;18;19m▄[38;2;168;168;177;48;2;2;2;2m▄[38;2;0;0;0;48;2;9;9;9m┈[38;2;113;113;120;48;2;6;6;6m▝[38;2;114;114;121;48;2;24;24;25m▅[38;2;68;68;72;48;2;4;4;4m▁[48;2;0;0;0m                [38;2;60;59;62;48;2;2;2;2m▁[38;2;114;114;120;48;2;16;15;16m▅[38;2;154;154;163;48;2;24;24;25m▘[38;2;1;118;46;48;2;0;19;7m▗[38;2;1;123;49;48;2;2;38;11m▇[38;2;2;127;52;48;2;2;15;2m▇[38;2;2;125;51;48;2;3;1;0m▇[38;2;2;126;51;48;2;2;18;3m▇[38;2;2;127;51;48;2;2;94;35m▇[38;2;2;127;52;48;2;2;126;51m╴[38;2;1;126;51;48;2;2;128;52m▅[38;2;1;126;52;48;2;2;127;52m▄[38;2;2;127;53;48;2;1;122;51m┈[38;2;1;125;53;48;2;1;29;12m▘[48;2;0;0;0m       [0m
            [7m[38;2;0;0;0m [0m[38;2;0;0;0;48;2;0;0;0m          [38;2;174;173;182;48;2;27;27;28m▝[38;2;184;184;193;48;2;179;178;187m╴[48;2;182;182;191m [38;2;182;181;190m▇[48;2;183;182;191m▆[38;2;182;182;191;48;2;183;183;192m▅[38;2;92;92;97;48;2;182;182;191m▝[38;2;144;144;151;48;2;14;14;15m▃[38;2;0;0;0;48;2;9;9;9m┈[38;2;6;6;7;48;2;121;121;129m▄[38;2;169;169;179;48;2;48;48;51m╾[38;2;154;155;164;48;2;9;9;10m▂[38;2;0;0;0;48;2;4;4;5m┈[48;2;0;0;0m          [48;2;3;3;3m┈[38;2;149;149;157;48;2;7;7;8m▂[38;2;161;161;169;48;2;49;49;52m╼[38;2;8;9;9;48;2;125;125;132m▄[38;2;0;0;0;48;2;9;42;22m╴[38;2;1;24;9;48;2;1;115;46m▘[48;2;2;128;52m [38;2;1;128;51m▘ [38;2;2;127;51;48;2;2;127;52m╷[48;2;2;128;52m▅ [38;2;1;128;52;48;2;2;127;52m▆[48;2;1;127;52m [38;2;1;21;8;48;2;1;113;47m▗[38;2;1;73;30;48;2;0;2;1m▘[48;2;0;0;0m        [0m
            [7m[38;2;0;0;0m [0m[38;2;0;0;0;48;2;0;0;0m           [38;2;139;139;145;48;2;8;8;8m▝[38;2;82;82;86;48;2;181;180;189m▖[38;2;184;183;192;48;2;183;182;191m▄[38;2;183;182;191;48;2;182;182;190m▅[38;2;182;182;191;48;2;183;182;191m▃[38;2;183;182;191;48;2;183;183;192m▇ [38;2;181;181;190;48;2;94;94;99m▆[38;2;166;166;175;48;2;16;16;16m▄[38;2;127;127;133;48;2;3;3;3m▂[38;2;7;7;7;48;2;121;122;129m▇[38;2;8;8;8;48;2;150;150;159m▅[38;2;141;141;149;48;2;36;36;37m━[38;2;162;162;171;48;2;29;29;31m━[38;2;120;121;127;48;2;0;0;0m▄[38;2;152;152;160;48;2;5;5;6m▃[38;2;157;157;165;48;2;0;0;0m▃[38;2;155;155;164m▃[38;2;151;151;159;48;2;4;4;5m▃[38;2;120;120;127;48;2;0;0;0m▄[38;2;176;177;186;48;2;34;34;36m╼[38;2;150;150;158;48;2;33;33;34m━[38;2;10;26;16;48;2;146;146;154m▅[38;2;8;51;25;48;2;135;135;142m▇[38;2;2;125;51;48;2;1;18;6m▄[38;2;1;127;51;48;2;1;60;22m▆[38;2;1;128;52;48;2;2;127;51m▇[38;2;2;129;52;48;2;1;128;52m╺[48;2;2;128;52m╴[38;2;1;128;52m▂[38;2;1;127;52m┈[38;2;1;128;52m▖▗[48;2;1;123;50m┊[38;2;0;21;8;48;2;1;119;49m▃[38;2;0;7;3;48;2;2;87;36m▆[48;2;0;0;0m          [0m
            [7m[38;2;0;0;0m [0m[38;2;0;0;0;48;2;0;0;0m            [48;2;5;5;5m┈[38;2;15;15;15;48;2;148;148;155m▄[38;2;88;88;92;48;2;176;176;185m▁[38;2;184;183;192;48;2;183;182;191m▄[38;2;183;182;191;48;2;182;182;191m▁[38;2;182;182;190m╴[48;2;183;182;191m▄[38;2;182;181;190;48;2;183;183;192m▆[38;2;182;182;191;48;2;185;185;194m▇[38;2;180;180;189;48;2;76;76;80m▇[38;2;169;169;177;48;2;5;5;5m▆[38;2;179;179;188;48;2;12;12;13m▄[38;2;176;176;185;48;2;6;6;6m▃[38;2;179;179;188;48;2;5;5;6m▂[38;2;154;154;161;48;2;0;0;0m▂[38;2;184;185;194;48;2;10;10;11m▁[38;2;186;186;195;48;2;10;10;10m▁[38;2;159;159;167;48;2;6;7;7m▁[38;2;3;108;46;48;2;1;9;3m━[38;2;3;94;39;48;2;1;12;3m▆[38;2;2;122;50;48;2;1;36;12m▇[38;2;1;128;52;48;2;1;128;51m╴[38;2;1;127;51m┈[48;2;2;129;52m▆[38;2;2;127;52;48;2;1;127;52m━[48;2;2;128;52m [48;2;1;128;52m [38;2;1;129;53m▁ [38;2;1;21;7;48;2;1;123;50m▁[38;2;5;17;9;48;2;1;122;49m▃[38;2;0;5;2;48;2;1;111;45m▅[38;2;0;1;0;48;2;1;49;20m▇[48;2;0;0;0m            [0m
            [7m[38;2;0;0;0m [0m[38;2;0;0;0;48;2;0;0;0m              [48;2;5;4;5m┈[38;2;9;9;10;48;2;151;151;159m▅[38;2;43;43;45;48;2;180;180;188m▃[38;2;184;184;193;48;2;177;177;186m╴[38;2;184;183;192;48;2;182;182;190m▄[38;2;183;183;192;48;2;182;181;190m▁ [38;2;182;182;191m▝[38;2;182;182;190;48;2;183;182;191m▅[48;2;183;183;191m▇[38;2;183;182;191;48;2;183;183;192m▇[38;2;183;183;192;48;2;184;183;192m▉ [38;2;184;183;192;48;2;184;184;193m▄[38;2;183;183;192m▄▄[38;2;181;181;190;48;2;75;75;78m▇[38;2;172;172;181;48;2;6;6;7m▆[38;2;182;182;191;48;2;17;18;18m▄[38;2;180;180;189;48;2;10;33;19m▃[38;2;183;182;191;48;2;14;51;29m▂[38;2;168;168;176;48;2;2;51;21m▂[38;2;158;158;165;48;2;1;58;23m▂[38;2;171;171;179;48;2;1;57;23m▂[38;2;185;185;194;48;2;16;60;33m▂[38;2;179;179;187;48;2;16;53;30m▃[38;2;175;175;184;48;2;37;44;41m╼[38;2;104;105;111;48;2;28;28;30m╸[38;2;4;4;4;48;2;51;50;52m▇[48;2;0;0;0m              [0m
            [7m[38;2;0;0;0m [0m[38;2;0;0;0;48;2;0;0;0m                 [48;2;61;61;64m▇[38;2;13;13;13;48;2;172;172;181m▆[38;2;15;15;16;48;2;178;178;186m▄[38;2;13;13;13;48;2;174;174;182m▂[38;2;60;61;63;48;2;182;181;190m▁[38;2;183;183;191;48;2;182;182;191m┈[48;2;183;182;191m╴[38;2;183;183;192m▁▂[38;2;183;182;191;48;2;184;183;192m▆[48;2;183;182;191m [38;2;182;182;191m╴[38;2;183;183;192m▁[38;2;183;182;191;48;2;183;183;192m╸[38;2;183;183;192;48;2;184;183;192m▆[38;2;184;184;193m▂▁ [38;2;73;74;77;48;2;183;183;192m▁[38;2;19;19;20;48;2;180;179;188m▂[38;2;22;22;23;48;2;183;182;192m▄[38;2;4;4;4;48;2;155;155;163m▅[38;2;3;3;3;48;2;94;94;99m▇[48;2;0;0;0m                 [0m
            [7m[38;2;0;0;0m [0m[38;2;0;0;0;48;2;0;0;0m                      [48;2;88;88;92m▇[48;2;133;133;139m▆[38;2;9;9;10;48;2;180;180;189m▆[38;2;0;0;0;48;2;173;172;181m▅[38;2;12;12;12;48;2;182;182;191m▅[38;2;0;0;0;48;2;166;165;173m▄[48;2;169;169;177m▄[38;2;1;0;0;48;2;165;165;173m▄[38;2;11;10;11;48;2;182;182;191m▅[38;2;0;0;0;48;2;173;173;181m▅[38;2;10;10;10;48;2;183;183;192m▆[38;2;0;0;0;48;2;137;137;144m▆[38;2;1;0;0;48;2;99;99;104m▇[48;2;0;0;0m▁                     [0m
            [7m[38;2;0;0;0m [0m[38;2;0;0;0;48;2;0;0;0m                  [48;2;1;33;13m▉[38;2;1;127;56;48;2;0;2;0m▃[38;2;1;125;55;48;2;0;6;2m▃[38;2;1;113;48;48;2;0;2;0m▃[38;2;2;63;26;48;2;0;10;4m▁[38;2;1;107;45;48;2;1;30;12m▆[38;2;0;0;0;48;2;0;96;41m▝[38;2;0;44;18;48;2;0;5;2m▏[48;2;0;0;0m  [38;2;3;2;0;48;2;180;149;12m▊[38;2;245;198;5;48;2;101;82;9m▇[38;2;78;64;5;48;2;212;171;4m▄[38;2;238;192;5;48;2;21;15;2m▇[38;2;117;96;6;48;2;1;1;1m▎[38;2;231;189;8;48;2;85;71;9m▇[38;2;52;43;3;48;2;198;160;5m▃[38;2;58;46;4;48;2;212;171;4m▖[38;2;178;146;5;48;2;8;5;2m▊[48;2;0;0;0m                    [0m
            [7m[38;2;0;0;0m [0m[38;2;0;0;0;48;2;0;0;0m                  [38;2;0;2;0;48;2;2;106;45m▊[38;2;0;127;54;48;2;1;84;35m▉[38;2;1;122;51;48;2;1;8;3m▂[38;2;1;78;31;48;2;1;123;52m▏[38;2;1;92;39;48;2;1;8;3m▎[38;2;2;52;19;48;2;1;127;55m▏[38;2;2;124;54;48;2;1;36;14m▂[38;2;2;47;82;48;2;0;2;1m▗[38;2;3;97;167;48;2;0;1;3m▂[38;2;2;91;161;48;2;0;1;2m▂[38;2;13;11;2;48;2;236;193;9m▋[38;2;138;114;6;48;2;240;194;5m╺[38;2;6;4;3;48;2;211;171;5m━[38;2;243;197;6;48;2;164;133;8m▇[38;2;32;26;3;48;2;174;146;14m▉[38;2;251;204;6;48;2;249;204;8m┊[38;2;39;32;3;48;2;228;184;4m▄[38;2;251;204;3;48;2;238;192;5m┈[38;2;140;114;5;48;2;18;14;1m▍[48;2;0;0;0m                    [0m
            [7m[38;2;0;0;0m [0m[38;2;0;0;0;48;2;0;0;0m                  [38;2;0;4;1;48;2;2;94;40m▋[38;2;1;4;0;48;2;1;102;44m▂[38;2;0;0;0;48;2;3;106;46m▆[38;2;0;1;0;48;2;2;73;31m▇[48;2;0;0;0m [38;2;0;3;1;48;2;2;92;41m▇[38;2;0;0;0;48;2;2;99;43m▆[38;2;0;2;5;48;2;4;50;86m▇[38;2;0;6;10;48;2;4;100;170m▇[38;2;0;5;9;48;2;3;93;164m▇[38;2;6;5;0;48;2;123;103;8m▇[38;2;11;9;1;48;2;251;204;9m▇[38;2;9;7;1;48;2;249;202;8m▇[38;2;0;0;0;48;2;122;99;6m▇[48;2;9;8;1m┈[38;2;10;9;1;48;2;240;197;11m▇[48;2;0;0;0m [38;2;8;7;1;48;2;186;154;7m▇[48;2;162;133;8m▇[48;2;0;0;0m                    [0m
            [7m[38;2;0;0;0m [0m[38;2;0;0;0;48;2;0;0;0m                                                         [0m
            [?25h
                        login:
                    [36muser[0m [1m[93manon[0m
                [36mpassword[0m [1m[93mvoidlinux[0m

To launch the installer type: [1m[96msudo void-install[0m 
[?12l[?25h
